%YAML:1.0
---
method: CALIB_HAND_EYE_TSAI
Tmc: !!opencv-matrix
   rows: 4
   cols: 4
   dt: d
   data: [ -9.9835308160823089e-01, 1.9468276641472135e-02,
       5.3963975464749292e-02, 3.2072353661751599e+01,
       -5.4350956635448533e-02, -1.9928129278542484e-02,
       -9.9832301544954338e-01, -2.2339117899856497e+01,
       -1.8360227562874754e-02, -9.9961185260483421e-01,
       2.0953428735427604e-02, -1.3094558805323594e+01, 0., 0., 0., 1. ]
Standard_Deviation: !!opencv-matrix
   rows: 3
   cols: 4
   dt: d
   data: [ 1.4632472537128927e-04, 2.5901832851528400e-03,
       3.0058929308815962e-03, 6.9563454599751762e-01,
       2.9892686338765396e-03, 2.1943376175106422e-03,
       2.2841688279752597e-04, 8.9043015829158789e-01,
       2.6067018582432823e-03, 1.2500723206986295e-04,
       2.1911469159802263e-03, 1.1862175506950821e+00 ]
method: ALIB_HAND_EYE_PARK
Tmc: !!opencv-matrix
   rows: 4
   cols: 4
   dt: d
   data: [ -9.9838655909614527e-01, 1.8466205319140044e-02,
       5.3696162593523437e-02, 3.2216397149450572e+01,
       -5.4030562007893600e-02, -1.8113160188345648e-02,
       -9.9837498556259030e-01, -2.2391691410839918e+01,
       -1.7463590274336756e-02, -9.9966540036609353e-01,
       1.9081675126345718e-02, -1.2746442589469396e+01, 0., 0., 0., 1. ]
Standard_Deviation: !!opencv-matrix
   rows: 3
   cols: 4
   dt: d
   data: [ 1.4217328851617668e-04, 2.1511592060091548e-03,
       2.9378230960352084e-03, 8.2751339567511384e-01,
       2.9465013737723440e-03, 2.3866123829759706e-03,
       2.5051407549629885e-04, 9.1684057604336466e-01,
       2.1311167705028744e-03, 1.4096237913547549e-04,
       2.3812893799544021e-03, 1.1314209306491907e+00 ]
method: CALIB_HAND_EYE_HORAUD
Tmc: !!opencv-matrix
   rows: 4
   cols: 4
   dt: d
   data: [ -9.9838478756951876e-01, 1.8454780711814934e-02,
       5.3733016094809197e-02, 3.2205348188864463e+01,
       -5.4067480001023710e-02, -1.8129371225693580e-02,
       -9.9837269268810613e-01, -2.2391747429465802e+01,
       -1.7450603316364225e-02, -9.9966531747772447e-01,
       1.9097891926992738e-02, -1.2749806238953907e+01, 0., 0., 0., 1. ]
Standard_Deviation: !!opencv-matrix
   rows: 3
   cols: 4
   dt: d
   data: [ 1.4194628406298581e-04, 2.1541513306583123e-03,
       2.9349908129000049e-03, 8.2605851835263711e-01,
       2.9433797406306721e-03, 2.3873561312864225e-03,
       2.5053174216043095e-04, 9.1675229331911190e-01,
       2.1347520664282481e-03, 1.4097434900172971e-04,
       2.3817424837265684e-03, 1.1319095722977233e+00 ]
method: CALIB_HAND_EYE_ANDREFF
Tmc: !!opencv-matrix
   rows: 4
   cols: 4
   dt: d
   data: [ -9.9843981657181879e-01, 1.6145904477829705e-02,
       5.3453180004804215e-02, 3.2572301961812258e+01,
       -5.3746152823346022e-02, -1.8291603508147472e-02,
       -9.9838708339891424e-01, -2.3274089416450767e+01,
       -1.5142118105560111e-02, -9.9970231919791697e-01,
       1.9130845501015726e-02, -1.2827299282673264e+01, 0., 0., 0., 1. ]
Standard_Deviation: !!opencv-matrix
   rows: 3
   cols: 4
   dt: d
   data: [ 1.3789718416715936e-04, 2.0746041639407189e-03,
       2.8061426774849850e-03, 1.1574699513091562e+00,
       2.7915941965371443e-03, 2.9327795683760770e-03,
       2.8732328171000832e-04, 9.9917881326970115e-01,
       2.1007488560669230e-03, 1.7347612287775963e-04,
       2.9028219867291306e-03, 1.1059126742417147e+00 ]
method: CALIB_HAND_EYE_DANIILIDIS
Tmc: !!opencv-matrix
   rows: 4
   cols: 4
   dt: d
   data: [ -9.9833835760329570e-01, 1.6296718075054020e-02,
       5.5271518143945209e-02, 3.2356332770565395e+01,
       -5.5529141261301859e-02, -1.5803614029755830e-02,
       -9.9833198899683717e-01, -2.2699565696983218e+01,
       -1.5396045230403829e-02, -9.9974229817667548e-01,
       1.6682296834747978e-02, -1.2679645717673715e+01, 0., 0., 0., 1. ]
Standard_Deviation: !!opencv-matrix
   rows: 3
   cols: 4
   dt: d
   data: [ 1.3856082369802789e-04, 2.2856657542315601e-03,
       3.0234867025739475e-03, 1.2663388185622062e+00,
       3.0626320494546869e-03, 3.0309491580983675e-03,
       3.0944216607236891e-04, 1.2178175760665786e+00,
       2.1781057023531271e-03, 1.8208040505217208e-04,
       3.0414875306119101e-03, 1.0881590781642201e+00 ]
