%YAML:1.0
---
Twm:
   -
      - !!opencv-matrix
         rows: 3
         cols: 3
         dt: f
         data: [ 9.91443694e-01, 1.30463272e-01, -4.32598451e-03,
             -1.30458772e-01, 9.91452873e-01, 1.31047587e-03,
             4.45997855e-03, -7.34900415e-04, 9.99989808e-01 ]
      - !!opencv-matrix
         rows: 3
         cols: 1
         dt: f
         data: [ 1.18966846e+03, -1.20295288e+03, 7.62200500e+02 ]
   -
      - !!opencv-matrix
         rows: 3
         cols: 3
         dt: f
         data: [ 8.13835263e-01, 5.81009924e-01, 9.98411048e-03,
             -5.81051409e-01, 8.13440919e-01, 2.63293777e-02,
             7.17614265e-03, -2.72290576e-02, 9.99603450e-01 ]
      - !!opencv-matrix
         rows: 3
         cols: 1
         dt: f
         data: [ 1.43956958e+03, -1.23830701e+03, 7.62431396e+02 ]
   -
      - !!opencv-matrix
         rows: 3
         cols: 3
         dt: f
         data: [ 9.20900643e-01, -3.89361560e-01, -1.84275731e-02,
             3.89790773e-01, 9.20130193e-01, 3.77300158e-02,
             2.26514880e-03, -4.19284925e-02, 9.99118030e-01 ]
      - !!opencv-matrix
         rows: 3
         cols: 1
         dt: f
         data: [ 9.32605286e+02, -1.27249060e+03, 7.59697754e+02 ]
   -
      - !!opencv-matrix
         rows: 3
         cols: 3
         dt: f
         data: [ 7.48418808e-01, 5.99553347e-01, 2.83557802e-01,
             -6.62312746e-01, 6.53200448e-01, 3.66975486e-01,
             3.48013341e-02, -4.62455273e-01, 8.85959327e-01 ]
      - !!opencv-matrix
         rows: 3
         cols: 1
         dt: f
         data: [ 1.44779736e+03, -1.30587122e+03, 5.70355164e+02 ]
   -
      - !!opencv-matrix
         rows: 3
         cols: 3
         dt: f
         data: [ 8.79025877e-01, -4.08961743e-01, -2.45079204e-01,
             4.75614578e-01, 7.87994921e-01, 3.90966415e-01,
             3.32308561e-02, -4.60232854e-01, 8.87176096e-01 ]
      - !!opencv-matrix
         rows: 3
         cols: 1
         dt: f
         data: [ 8.87222778e+02, -1.29008142e+03, 5.68396729e+02 ]
   -
      - !!opencv-matrix
         rows: 3
         cols: 3
         dt: f
         data: [ 7.13835716e-01, 6.60765767e-01, -2.32006893e-01,
             -6.99721813e-01, 6.59343600e-01, -2.75055438e-01,
             -2.87749320e-02, 3.58684689e-01, 9.33015168e-01 ]
      - !!opencv-matrix
         rows: 3
         cols: 1
         dt: f
         data: [ 1.45493909e+03, -1.33186877e+03, 9.42193970e+02 ]
   -
      - !!opencv-matrix
         rows: 3
         cols: 3
         dt: f
         data: [ 8.04833889e-01, -5.44120729e-01, 2.37012804e-01,
             5.92710793e-01, 7.57479131e-01, -2.73713768e-01,
             -3.05989310e-02, 3.60774159e-01, 9.32151139e-01 ]
      - !!opencv-matrix
         rows: 3
         cols: 1
         dt: f
         data: [ 8.92987732e+02, -1.37633948e+03, 9.39530701e+02 ]
   -
      - !!opencv-matrix
         rows: 3
         cols: 3
         dt: f
         data: [ 6.55734897e-01, 3.61917317e-01, -6.62591636e-01,
             -5.23110747e-01, 8.50610077e-01, -5.30816913e-02,
             5.44395983e-01, 3.81416291e-01, 7.47097492e-01 ]
      - !!opencv-matrix
         rows: 3
         cols: 1
         dt: f
         data: [ 1.34978528e+03, -1.17306824e+03, 9.54338257e+02 ]
   -
      - !!opencv-matrix
         rows: 3
         cols: 3
         dt: f
         data: [ 7.04134583e-01, -3.93982410e-01, 5.90738893e-01,
             4.65376556e-01, 8.84415150e-01, 3.51361781e-02,
             -5.36301494e-01, 2.50175416e-01, 8.06097448e-01 ]
      - !!opencv-matrix
         rows: 3
         cols: 1
         dt: f
         data: [ 9.15496277e+02, -1.25406348e+03, 9.45275452e+02 ]
   -
      - !!opencv-matrix
         rows: 3
         cols: 3
         dt: f
         data: [ 9.11283255e-01, 3.83965284e-01, -1.48773402e-01,
             -4.07518893e-01, 7.89092898e-01, -4.59631145e-01,
             -5.90863600e-02, 4.79482114e-01, 8.75560224e-01 ]
      - !!opencv-matrix
         rows: 3
         cols: 1
         dt: f
         data: [ 1.29085193e+03, -1.29559570e+03, 9.94514221e+02 ]
   -
      - !!opencv-matrix
         rows: 3
         cols: 3
         dt: f
         data: [ 8.20823312e-01, -3.61216486e-01, -4.42461103e-01,
             2.90218651e-01, 9.30946290e-01, -2.21612602e-01,
             4.91957635e-01, 5.34943417e-02, 8.68974149e-01 ]
      - !!opencv-matrix
         rows: 3
         cols: 1
         dt: f
         data: [ 9.42328857e+02, -1.16461499e+03, 8.22967529e+02 ]
   -
      - !!opencv-matrix
         rows: 3
         cols: 3
         dt: f
         data: [ 7.23743618e-01, -2.56778955e-01, -6.40515268e-01,
             4.60812449e-01, 8.70747447e-01, 1.71612531e-01,
             5.13660491e-01, -4.19360846e-01, 7.48524785e-01 ]
      - !!opencv-matrix
         rows: 3
         cols: 1
         dt: f
         data: [ 9.93299683e+02, -1.20351147e+03, 5.26053162e+02 ]
   -
      - !!opencv-matrix
         rows: 3
         cols: 3
         dt: f
         data: [ 6.33736670e-01, 4.38508302e-01, 6.37250602e-01,
             -6.31173134e-01, 7.69393802e-01, 9.82533693e-02,
             -4.47211713e-01, -4.64482188e-01, 7.64367700e-01 ]
      - !!opencv-matrix
         rows: 3
         cols: 1
         dt: f
         data: [ 1.40304773e+03, -1.18684106e+03, 5.24330933e+02 ]
   -
      - !!opencv-matrix
         rows: 3
         cols: 3
         dt: f
         data: [ 6.32516146e-01, -5.08542955e-01, -5.84215224e-01,
             4.76749033e-01, 8.50072980e-01, -2.23799676e-01,
             6.10437334e-01, -1.36967123e-01, 7.80132234e-01 ]
      - !!opencv-matrix
         rows: 3
         cols: 1
         dt: f
         data: [ 9.00544128e+02, -1.21808057e+03, 7.28695068e+02 ]
   -
      - !!opencv-matrix
         rows: 3
         cols: 3
         dt: f
         data: [ 4.92638409e-01, 5.35892010e-01, 6.85658276e-01,
             -5.23316741e-01, 8.11951280e-01, -2.58601606e-01,
             -6.95303619e-01, -2.31419295e-01, 6.80439591e-01 ]
      - !!opencv-matrix
         rows: 3
         cols: 1
         dt: f
         data: [ 1.45180298e+03, -1.18085291e+03, 7.07667297e+02 ]
   -
      - !!opencv-matrix
         rows: 3
         cols: 3
         dt: f
         data: [ 8.42272401e-01, -5.35681665e-01, -6.01852685e-02,
             5.39023697e-01, 8.35816443e-01, 1.04232132e-01,
             -5.53140603e-03, -1.20233133e-01, 9.92730260e-01 ]
      - !!opencv-matrix
         rows: 3
         cols: 1
         dt: f
         data: [ 8.72227722e+02, -1.18139282e+03, 7.35386353e+02 ]
   -
      - !!opencv-matrix
         rows: 3
         cols: 3
         dt: f
         data: [ 7.78668404e-01, 5.68534374e-01, -2.65413195e-01,
             -6.26861095e-01, 6.86825037e-01, -3.67853999e-01,
             -2.68452540e-02, 4.52813506e-01, 8.91201019e-01 ]
      - !!opencv-matrix
         rows: 3
         cols: 1
         dt: f
         data: [ 1.42361694e+03, -1.26566675e+03, 1.01272095e+03 ]
   -
      - !!opencv-matrix
         rows: 3
         cols: 3
         dt: f
         data: [ 7.55879760e-01, -5.50571084e-01, 3.54284257e-01,
             6.53656721e-01, 6.65314555e-01, -3.60679209e-01,
             -3.71309817e-02, 5.04210413e-01, 8.62782240e-01 ]
      - !!opencv-matrix
         rows: 3
         cols: 1
         dt: f
         data: [ 8.97006653e+02, -1.37834290e+03, 1.00921405e+03 ]
   -
      - !!opencv-matrix
         rows: 3
         cols: 3
         dt: f
         data: [ 9.66376066e-01, 2.56236792e-01, 2.14476828e-02,
             -2.56841779e-01, 9.57950711e-01, 1.27917066e-01,
             1.22312363e-02, -1.29124656e-01, 9.91552949e-01 ]
      - !!opencv-matrix
         rows: 3
         cols: 1
         dt: f
         data: [ 1.20466406e+03, -1.13424048e+03, 7.55225952e+02 ]
   -
      - !!opencv-matrix
         rows: 3
         cols: 3
         dt: f
         data: [ 8.02941501e-01, -5.15129805e-01, -2.99877018e-01,
             5.95016718e-01, 7.22434640e-01, 3.52197796e-01,
